<?xml version="1.0" encoding="UTF-8" standalone="no" ?>
<SimscapeMultibodyImportXML version="2.0" xmlns="urn:mathworks:SimscapeMultibody:import" xmlns:xsi="http://www.w3.org/2001/XMLSchema-instance">
<Created by="" on="11/21/23||20:50:24" using="Simscape Multibody Link Version 7.0" from="SolidWorks 28.4.0"/>
<ModelUnits mass="kilogram" length="millimeter"/>
<DataUnits mass="kilogram" length="meter"/>
<RootAssembly name="IP_assem" uid="IP_assem" version="205">
<AssemblyFile name="IP_assem.SLDASM" type="SolidWorks Assembly"/>
<InstanceTree>
<Instance name="3693N11_High-Strength HTD Timing Belt Idler Pulley-1" uid="3693N11_High-Strength HTD Timing Belt Idler Pulley-1" entityUid="3693N11_High-Strength HTD Timing Belt Idler Pulley*:*3693N11">
<Transform>
<Rotation>3.8663670177104005e-14 1.9605358110278494e-07 -0.9999999999999809 1.9605358110278497e-07 0.99999999999996159 1.9605358110278878e-07 0.9999999999999809 -1.960535811027887e-07 2.2666351387623892e-16</Rotation>
<Translation>0.28350413185252155 -0.04465157204460251 0.34324498261504022</Translation>
</Transform>
</Instance>
<Instance name="Pendulum Assem-2" uid="Pendulum Assem-2" entityUid="Pendulum Assem" rigid="true">
<Transform>
<Rotation>-1 -2.5746826517430083e-16 -7.2277887023001526e-16 -7.2277887023001526e-16 -1.110223024625156e-16 1 -2.5746826517430092e-16 1 1.1102230246251542e-16</Rotation>
<Translation>0.34730413518543146 0.11532874332758342 0.38125495889466093</Translation>
</Transform>
<Instance name="stick-1" uid="stick-1" entityUid="stick*:*Default">
<Transform>
<Rotation>0.035024282034638497 0 -0.99938646161930678 1.22514845490862e-16 -1 0 -0.99938646161930678 -1.2446640940133591e-16 -0.035024282034638504</Rotation>
<Translation>-0.0074999999999999512 0.091500023720381629 6.9691881796771216e-05</Translation>
</Transform>
</Instance>
<Instance name="pend coupler-1" uid="pend coupler-1" grounded="true" entityUid="pend coupler*:*Default">
<Transform>
<Rotation>-2.7763781533341439e-16 0 0.99999999999999978 0 -0.99999999999999989 0 0.99999999999999989 0 2.7763781533341429e-16</Rotation>
<Translation>0 2.3720381381320266e-08 6.9691881796757338e-05</Translation>
</Transform>
</Instance>
<Instance name="pan head cross recess screw_iso-1" uid="pan head cross recess screw_iso-1" entityUid="pan head cross recess screw_iso*:*ISO 7045 - M3 x 6 - Z - 6N">
<Transform>
<Rotation>-2.7762206305778199e-16 -0.98027213324748119 0.19765258606563227 -3.5811197757196211e-16 -0.1976525860656323 -0.9802721332474813 0.99999999999999989 -3.4296025221147714e-16 -2.9620403352303981e-16</Rotation>
<Translation>-0.0074999999999999512 2.3720381436831417e-08 -0.010830308118203236</Translation>
</Transform>
</Instance>
<Instance name="pan head cross recess screw_iso-2" uid="pan head cross recess screw_iso-2" entityUid="pan head cross recess screw_iso*:*ISO 7045 - M3 x 6 - Z - 6N">
<Transform>
<Rotation>2.8056539781239087e-16 0.68434489117148734 0.7291584669517901 2.2302038688026831e-16 0.72915846695179032 -0.68434489117148745 -1 3.5659409453048241e-16 0</Rotation>
<Translation>-0.0075000000000000067 2.3720381381320266e-08 0.010969691881796764</Translation>
</Transform>
</Instance>
<Instance name="pan head cross recess screw_iso-3" uid="pan head cross recess screw_iso-3" entityUid="pan head cross recess screw_iso*:*ISO 7045 - M3 x 4 - Z - 4N">
<Transform>
<Rotation>0 -0.90007542234147531 0.43573413235230363 -1 0 1.599198204416119e-16 -1.7911019889460533e-16 -0.43573413235230357 -0.90007542234147531</Rotation>
<Translation>0.014000000000000012 0.007400023720381399 6.9691881796798971e-05</Translation>
</Transform>
</Instance>
<Instance name="pan head cross recess screw_iso-4" uid="pan head cross recess screw_iso-4" entityUid="pan head cross recess screw_iso*:*ISO 7045 - M3 x 4 - Z - 4N">
<Transform>
<Rotation>0 -0.61559539105964955 -0.78806237983177252 -1.0000000000000002 -1.5298092653770468e-16 1.1872013788716278e-16 -1.9483113039564515e-16 0.78806237983177274 -0.61559539105964955</Rotation>
<Translation>0.0060000000000000053 0.0074000237203814545 6.969188179674346e-05</Translation>
</Transform>
</Instance>
</Instance>
<Instance name="table-1" uid="table-1" grounded="true" entityUid="table*:*Default">
<Transform>
<Rotation>1 0 0 0 1 0 0 0 1</Rotation>
<Translation>0.28350413518543338 0.12544858028902756 0.30924498261504152</Translation>
</Transform>
</Instance>
<Instance name="Body Assembly-1" uid="Body Assembly-1" entityUid="Body Assembly" rigid="true">
<Transform>
<Rotation>-1 0 -6.9829626776862667e-15 -6.9829626776862667e-15 3.4914813388431334e-15 1 0 1 -3.4914813388431334e-15</Rotation>
<Translation>0.43495326009496021 -0.036484152651130683 0.10290711202996933</Translation>
</Transform>
<Instance name="8mm Rod-2" uid="8mm Rod-2" entityUid="8mm Rod*:*Default">
<Transform>
<Rotation>-0.77537398931540802 0.63150231725078387 0 -0.63150231725078376 -0.77537398931540824 1.1047046433307797e-16 0 2.2258804982998143e-16 1</Rotation>
<Translation>0.13044912490952643 0.23234787058507222 0.0018825878605127355</Translation>
</Transform>
</Instance>
<Instance name="End motor Assembly-1" uid="End motor Assembly-1" grounded="true" entityUid="End motor Assembly" rigid="true">
<Transform>
<Rotation>1 0 0 0 1 0 0 0 1</Rotation>
<Translation>0 0 -2.0311150894514185e-07</Translation>
</Transform>
<Instance name="socket head cap screw_iso-17" uid="socket head cap screw_iso-17" entityUid="socket head cap screw_iso*:*ISO 4762 M3 x 16 - 16N">
<Transform>
<Rotation>1 8.0399623858883546e-16 -1.5307445525966209e-15 -9.2366554995889353e-16 -0.50000000000000411 -0.86602540378443649 -1.46165344346338e-15 0.86602540378443649 -0.50000000000000411</Rotation>
<Translation>0.16394912490952668 0.24733799622773411 0.33793300859149522</Translation>
</Transform>
</Instance>
<Instance name="hex thin nut chamfered gradeab_iso1-11" uid="hex thin nut chamfered gradeab_iso1-11" entityUid="hex thin nut chamfered gradeab_iso1*:*ISO - 4035 - M3 - N">
<Transform>
<Rotation>1 1.1934897514720433e-15 0 0 -1.2203350544179632e-16 -1 -1.1934897514720433e-15 1 -1.2203350544179711e-16</Rotation>
<Translation>0.15854912490952661 0.20713787058507238 0.31393279097202131</Translation>
</Transform>
</Instance>
<Instance name="socket head cap screw_iso-14" uid="socket head cap screw_iso-14" entityUid="socket head cap screw_iso*:*ISO 4762 M3 x 10 - 10N">
<Transform>
<Rotation>0 0.53183732235417636 0.84684654014239191 -1 0 0 0 -0.84684654014239191 0.53183732235417636</Rotation>
<Translation>0.18854912490952663 0.22033787058507237 0.33093279097202133</Translation>
</Transform>
</Instance>
<Instance name="socket head cap screw_iso-18" uid="socket head cap screw_iso-18" entityUid="socket head cap screw_iso*:*ISO 4762 M3 x 16 - 16N">
<Transform>
<Rotation>1 0 -1.9949319973733282e-15 0 -1 6.9829626776862667e-15 -1.9949319973733278e-15 -6.9829626776862667e-15 -1</Rotation>
<Translation>0.16394912490952662 0.23391447682641353 0.33018308113131972</Translation>
</Transform>
</Instance>
<Instance name="socket head cap screw_iso-19" uid="socket head cap screw_iso-19" entityUid="socket head cap screw_iso*:*ISO 4762 M3 x 16 - 16N">
<Transform>
<Rotation>1 -9.2366554995889985e-16 -1.4616534434633674e-15 8.0399623858884236e-16 -0.49999999999999195 0.86602540378444326 -1.5307445525966087e-15 -0.86602540378444326 -0.49999999999999195</Rotation>
<Translation>0.16394912490952657 0.23391435118375192 0.31468300859149495</Translation>
</Transform>
</Instance>
<Instance name="socket head cap screw_iso-20" uid="socket head cap screw_iso-20" entityUid="socket head cap screw_iso*:*ISO 4762 M3 x 16 - 16N">
<Transform>
<Rotation>1 -8.8377577950220383e-16 -4.641874447767017e-16 8.4388600904551826e-16 0.5000000000000101 0.86602540378443282 -5.3327855390994167e-16 -0.86602540378443282 0.5000000000000101</Rotation>
<Translation>0.16394912490952662 0.24733774494241079 0.30693286351184612</Translation>
</Transform>
</Instance>
<Instance name="socket head cap screw_iso-15" uid="socket head cap screw_iso-15" entityUid="socket head cap screw_iso*:*ISO 4762 M3 x 10 - 10N">
<Transform>
<Rotation>0 0.53183732235417636 0.84684654014239191 -1 0 0 0 -0.84684654014239191 0.53183732235417636</Rotation>
<Translation>0.18854912490952661 0.22033787058507237 0.31393279097202137</Translation>
</Transform>
</Instance>
<Instance name="socket head cap screw_iso-13" uid="socket head cap screw_iso-13" entityUid="socket head cap screw_iso*:*ISO 4762 M3 x 10 - 10N">
<Transform>
<Rotation>0 0.53183732235417636 0.84684654014239191 -1 0 0 0 -0.84684654014239191 0.53183732235417636</Rotation>
<Translation>0.15854912490952661 0.22033787058507237 0.31393279097202137</Translation>
</Transform>
</Instance>
<Instance name="hex thin nut chamfered gradeab_iso1-12" uid="hex thin nut chamfered gradeab_iso1-12" entityUid="hex thin nut chamfered gradeab_iso1*:*ISO - 4035 - M3 - N">
<Transform>
<Rotation>1 1.1934897514720433e-15 0 0 -1.2203350544179632e-16 -1 -1.1934897514720433e-15 1 -1.2203350544179711e-16</Rotation>
<Translation>0.15854912490952661 0.20713787058507238 0.33093279097202133</Translation>
</Transform>
</Instance>
<Instance name="hex thin nut chamfered gradeab_iso1-10" uid="hex thin nut chamfered gradeab_iso1-10" entityUid="hex thin nut chamfered gradeab_iso1*:*ISO - 4035 - M3 - N">
<Transform>
<Rotation>1 1.1934897514720433e-15 0 0 -1.2203350544179632e-16 -1 -1.1934897514720433e-15 1 -1.2203350544179711e-16</Rotation>
<Translation>0.18854912490952661 0.20713787058507238 0.33093279097202133</Translation>
</Transform>
</Instance>
<Instance name="socket head cap screw_iso-16" uid="socket head cap screw_iso-16" entityUid="socket head cap screw_iso*:*ISO 4762 M3 x 16 - 16N">
<Transform>
<Rotation>1 8.4388600904552437e-16 -5.3327855390995449e-16 -8.8377577950221083e-16 0.499999999999998 -0.86602540378443982 -4.6418744477671442e-16 0.86602540378443982 0.499999999999998</Rotation>
<Translation>0.16394912490952662 0.26076138998639292 0.33018286351184606</Translation>
</Transform>
</Instance>
<Instance name="socket head cap screw_iso-8" uid="socket head cap screw_iso-8" entityUid="socket head cap screw_iso*:*ISO 4762 M5 x 10 - 10N">
<Transform>
<Rotation>0 0.99266912162086918 0.12086362141046486 -1 0 0 0 -0.12086362141046486 0.99266912162086918</Rotation>
<Translation>0.18844912490952662 0.22303787058507235 0.29493279097202135</Translation>
</Transform>
</Instance>
<Instance name="motor mount-1" uid="motor mount-1" entityUid="motor mount*:*Default">
<Transform>
<Rotation>9.9746599868666408e-16 0 -1 0 1 0 1 0 9.9746599868666388e-16</Rotation>
<Translation>0.17154912490952662 0.24733787058507234 0.32243279097202138</Translation>
</Transform>
</Instance>
<Instance name="hex thin nut chamfered gradeab_iso1-1" uid="hex thin nut chamfered gradeab_iso1-1" entityUid="hex thin nut chamfered gradeab_iso1*:*ISO - 4035 - M5 - N">
<Transform>
<Rotation>1.0000000000000002 1.2212453270876722e-15 9.1051490788786889e-15 9.1051490788786826e-15 0 -1 -1.2212453270876724e-15 1.0000000000000002 0</Rotation>
<Translation>0.11444912490952547 0.20783787058507341 0.29493279097202107</Translation>
</Transform>
</Instance>
<Instance name="motor mount-2" uid="motor mount-2" entityUid="motor mount*:*Default">
<Transform>
<Rotation>9.9746599868666408e-16 0 -1 0 1 0 1 0 9.9746599868666388e-16</Rotation>
<Translation>0.17154912490952662 0.24733787058507234 0.32243293605167062</Translation>
</Transform>
</Instance>
<Instance name="37d-gearmotor-50-70-encoder.step-1" uid="37d-gearmotor-50-70-encoder.step-1" entityUid="37d-gearmotor-50-70-encoder.step*:*Default">
<Transform>
<Rotation>-2.5326962749261384e-15 0 -1 0 1 0 1 0 -2.5326962749261384e-15</Rotation>
<Translation>0.19147412490952667 0.24733787058507239 0.30250779097202141</Translation>
</Transform>
</Instance>
<Instance name="stand1-1" uid="stand1-1" grounded="true" entityUid="stand1*:*Default">
<Transform>
<Rotation>1 0 0 0 1 0 0 0 1</Rotation>
<Translation>0.15144912490952661 0.20633787058507236 0.33793279097202139</Translation>
</Transform>
</Instance>
<Instance name="SK8 SC8UU LINEAR RAIL ORIGINAL-1" uid="SK8 SC8UU LINEAR RAIL ORIGINAL-1" entityUid="SK8 SC8UU LINEAR RAIL ORIGINAL*:*Valor predeterminado">
<Transform>
<Rotation>-0.99999999999999989 0 0 0 1 0 0 0 -0.99999999999999989</Rotation>
<Translation>0.13044912490952665 0.22863787058507234 0.30188279097202142</Translation>
</Transform>
</Instance>
<Instance name="socket head cap screw_iso-7" uid="socket head cap screw_iso-7" entityUid="socket head cap screw_iso*:*ISO 4762 M3 x 16 - 16N">
<Transform>
<Rotation>1 0 0 0 1 0 0 0 1</Rotation>
<Translation>0.16394912490952662 0.26076126434373115 0.31468279097202145</Translation>
</Transform>
</Instance>
<Instance name="socket head cap screw_iso-9" uid="socket head cap screw_iso-9" entityUid="socket head cap screw_iso*:*ISO 4762 M5 x 10 - 10N">
<Transform>
<Rotation>0 1 0 -1 0 0 0 0 1</Rotation>
<Translation>0.15644912490952662 0.22303787058507235 0.29493279097202135</Translation>
</Transform>
</Instance>
<Instance name="socket head cap screw_iso-10" uid="socket head cap screw_iso-10" entityUid="socket head cap screw_iso*:*ISO 4762 M5 x 10 - 10N">
<Transform>
<Rotation>0 1 0 -1 0 0 0 0 1</Rotation>
<Translation>0.11444912490952658 0.22303787058507235 0.29493279097202141</Translation>
</Transform>
</Instance>
<Instance name="hex thin nut chamfered gradeab_iso1-6" uid="hex thin nut chamfered gradeab_iso1-6" entityUid="hex thin nut chamfered gradeab_iso1*:*ISO - 4035 - M3 - N">
<Transform>
<Rotation>1 1.1934897514720433e-15 0 0 -1.2203350544179632e-16 -1 -1.1934897514720433e-15 1 -1.2203350544179711e-16</Rotation>
<Translation>0.18854912490952661 0.20713787058507238 0.31393279097202131</Translation>
</Transform>
</Instance>
<Instance name="socket head cap screw_iso-11" uid="socket head cap screw_iso-11" entityUid="socket head cap screw_iso*:*ISO 4762 M5 x 10 - 10N">
<Transform>
<Rotation>0 0.95593389323018529 0.29358200178788296 -1 0 0 0 -0.29358200178788296 0.95593389323018529</Rotation>
<Translation>0.14644912490952655 0.22303787058507235 0.29493279097202141</Translation>
</Transform>
</Instance>
<Instance name="hex thin nut chamfered gradeab_iso1-7" uid="hex thin nut chamfered gradeab_iso1-7" entityUid="hex thin nut chamfered gradeab_iso1*:*ISO - 4035 - M5 - N">
<Transform>
<Rotation>0.99999999999999978 9.1593399531575415e-16 0 0 0 -1 -9.1593399531575415e-16 0.99999999999999978 0</Rotation>
<Translation>0.15644912490952662 0.20783787058507236 0.29493279097202135</Translation>
</Transform>
</Instance>
<Instance name="socket head cap screw_iso-12" uid="socket head cap screw_iso-12" entityUid="socket head cap screw_iso*:*ISO 4762 M3 x 10 - 10N">
<Transform>
<Rotation>0 0.53183732235417636 0.84684654014239191 -1 0 0 0 -0.84684654014239191 0.53183732235417636</Rotation>
<Translation>0.15854912490952661 0.22033787058507237 0.33093279097202138</Translation>
</Transform>
</Instance>
<Instance name="hex thin nut chamfered gradeab_iso1-8" uid="hex thin nut chamfered gradeab_iso1-8" entityUid="hex thin nut chamfered gradeab_iso1*:*ISO - 4035 - M5 - N">
<Transform>
<Rotation>0.99999999999999989 4.7184478546569232e-16 0 0 0 -1 -4.7184478546569232e-16 0.99999999999999989 0</Rotation>
<Translation>0.18844912490952662 0.20783787058507236 0.29493279097202135</Translation>
</Transform>
</Instance>
<Instance name="hex thin nut chamfered gradeab_iso1-9" uid="hex thin nut chamfered gradeab_iso1-9" entityUid="hex thin nut chamfered gradeab_iso1*:*ISO - 4035 - M5 - N">
<Transform>
<Rotation>1 -1.1102230246251565e-16 0 0 0 -1 1.1102230246251565e-16 1 0</Rotation>
<Translation>0.14644912490952661 0.20783787058507236 0.29493279097202141</Translation>
</Transform>
</Instance>
<Instance name="stand1-2" uid="stand1-2" grounded="true" entityUid="stand1*:*Default">
<Transform>
<Rotation>1 0 0 0 1 0 0 0 1</Rotation>
<Translation>0.15144912490952661 0.20633787058507236 0.33793293605167063</Translation>
</Transform>
</Instance>
<Instance name="SK8 SC8UU LINEAR RAIL ORIGINAL-2" uid="SK8 SC8UU LINEAR RAIL ORIGINAL-2" entityUid="SK8 SC8UU LINEAR RAIL ORIGINAL*:*Valor predeterminado">
<Transform>
<Rotation>1 0 0 0 1 0 0 0 1</Rotation>
<Translation>0.17244912490952657 0.2286378705850724 0.2879827909720214</Translation>
</Transform>
</Instance>
</Instance>
<Instance name="8mm Rod-1" uid="8mm Rod-1" entityUid="8mm Rod*:*Default">
<Transform>
<Rotation>0.44255566490694348 0.8967410347802609 0 -0.8967410347802609 0.44255566490694348 0 0 0 1</Rotation>
<Translation>0.17244912490952657 0.23234787058507239 0.0018825878605125065</Translation>
</Transform>
</Instance>
<Instance name="End 1 Assembly-1" uid="End 1 Assembly-1" grounded="true" entityUid="End 1 Assembly" rigid="true">
<Transform>
<Rotation>1 0 0 0 1 0 0 0 1</Rotation>
<Translation>1.7763568394002505e-15 -1.3600232051658168e-15 -2.176194738440218e-07</Translation>
</Transform>
<Instance name="hex thin nut chamfered gradeab_iso1-6" uid="hex thin nut chamfered gradeab_iso1-6" entityUid="hex thin nut chamfered gradeab_iso1*:*ISO - 4035 - M3 - N">
<Transform>
<Rotation>0.9999999999999809 -1.9605358548821184e-07 3.4355315638156894e-16 3.4355315163167413e-16 0 -1 1.9605358548821184e-07 0.9999999999999809 0</Rotation>
<Translation>0.16894912824243646 0.20713787058507233 -0.0081671983430574371</Translation>
</Transform>
</Instance>
<Instance name="socket head cap screw_iso-3" uid="socket head cap screw_iso-3" entityUid="socket head cap screw_iso*:*ISO 4762 M5 x 10 - 10N">
<Transform>
<Rotation>0 1 0 -1 0 0 0 0 1</Rotation>
<Translation>0.11444912490952619 0.22303787058507235 0.0088327909720213559</Translation>
</Transform>
</Instance>
<Instance name="hex thin nut chamfered gradeab_iso1-5" uid="hex thin nut chamfered gradeab_iso1-5" entityUid="hex thin nut chamfered gradeab_iso1*:*ISO - 4035 - M3 - N">
<Transform>
<Rotation>0.9999999999999809 -1.9605358225970812e-07 3.4355315638156425e-16 3.435531516316697e-16 0 -1 1.9605358225970812e-07 0.9999999999999809 0</Rotation>
<Translation>0.1339491282424371 0.20713787058507233 -0.0081672052049329008</Translation>
</Transform>
</Instance>
<Instance name="hex thin nut chamfered gradeab_iso1-2" uid="hex thin nut chamfered gradeab_iso1-2" entityUid="hex thin nut chamfered gradeab_iso1*:*ISO - 4035 - M5 - N">
<Transform>
<Rotation>0.9999999999999809 -1.9605358396165513e-07 3.435531563815716e-16 3.4355315163167694e-16 0 -1 1.9605358396165513e-07 0.9999999999999809 0</Rotation>
<Translation>0.18844912490952506 0.20783787058507242 0.0088328054799872817</Translation>
</Transform>
</Instance>
<Instance name="stand2-1" uid="stand2-1" entityUid="stand2*:*Default">
<Transform>
<Rotation>-0.99999999999998079 -3.4355316447954128e-16 1.9605358362967269e-07 -3.4355314664983292e-16 1 0 -1.9605358362967269e-07 0 -0.99999999999998079</Rotation>
<Translation>0.15144912696808849 0.20633787058507241 -0.0016672017739953054</Translation>
</Transform>
</Instance>
<Instance name="hex thin nut chamfered gradeab_iso1-3" uid="hex thin nut chamfered gradeab_iso1-3" entityUid="hex thin nut chamfered gradeab_iso1*:*ISO - 4035 - M5 - N">
<Transform>
<Rotation>0.9999999999999809 -1.9605358360083264e-07 3.4355315638155775e-16 3.4355315163166304e-16 0 -1 1.9605358360083264e-07 0.9999999999999809 0</Rotation>
<Translation>0.14644912490952589 0.20783787058507242 0.0088327972457364276</Translation>
</Transform>
</Instance>
<Instance name="socket head cap screw_iso-4" uid="socket head cap screw_iso-4" entityUid="socket head cap screw_iso*:*ISO 4762 M5 x 10 - 10N">
<Transform>
<Rotation>0 1 0 -1 0 0 0 0 1</Rotation>
<Translation>0.14644912490952627 0.2230378705850723 0.0088327909720213073</Translation>
</Transform>
</Instance>
<Instance name="socket head cap screw_iso-7" uid="socket head cap screw_iso-7" entityUid="socket head cap screw_iso*:*ISO 4762 M3 x 10 - 10N">
<Transform>
<Rotation>0 1 0 -1 0 0 0 0 0.99999999999999967</Rotation>
<Translation>0.13394912824243799 0.22033787058507237 -0.0081672052049335253</Translation>
</Transform>
</Instance>
<Instance name="hex thin nut chamfered gradeab_iso1-7" uid="hex thin nut chamfered gradeab_iso1-7" entityUid="hex thin nut chamfered gradeab_iso1*:*ISO - 4035 - M5 - N">
<Transform>
<Rotation>1.960535808415464e-07 -2.2666352495845121e-16 0.99999999999998079 0 1 2.2666351380766882e-16 -0.99999999999998079 0 1.960535808415464e-07</Rotation>
<Translation>0.16564912824243649 0.24033787058507239 -0.0081671989900337499</Translation>
</Transform>
</Instance>
<Instance name="socket head cap screw_iso-6" uid="socket head cap screw_iso-6" entityUid="socket head cap screw_iso*:*ISO 4762 M3 x 10 - 10N">
<Transform>
<Rotation>0 1 0 -1 0 0 0 0 1</Rotation>
<Translation>0.16894912824243735 0.22033787058507232 -0.0081671983430580894</Translation>
</Transform>
</Instance>
<Instance name="hex thin nut chamfered gradeab_iso1-1" uid="hex thin nut chamfered gradeab_iso1-1" entityUid="hex thin nut chamfered gradeab_iso1*:*ISO - 4035 - M5 - N">
<Transform>
<Rotation>0.9999999999999809 -1.960535839317105e-07 3.4355315638156253e-16 3.4355315163166787e-16 0 -1 1.960535839317105e-07 0.9999999999999809 0</Rotation>
<Translation>0.11444912490952652 0.20783787058507242 0.0088327909720220081</Translation>
</Transform>
</Instance>
<Instance name="hex thin nut chamfered gradeab_iso1-4" uid="hex thin nut chamfered gradeab_iso1-4" entityUid="hex thin nut chamfered gradeab_iso1*:*ISO - 4035 - M5 - N">
<Transform>
<Rotation>0.9999999999999809 -1.960535837673661e-07 3.4355315638156061e-16 3.435531516316659e-16 0 -1 1.960535837673661e-07 0.9999999999999809 0</Rotation>
<Translation>0.15644912490952573 0.20783787058507242 0.0088327992062723001</Translation>
</Transform>
</Instance>
<Instance name="socket head cap screw_iso-1" uid="socket head cap screw_iso-1" entityUid="socket head cap screw_iso*:*ISO 4762 M5 x 30 - 22N">
<Transform>
<Rotation>0.9999999999999809 -2.2666433011323776e-16 -1.960535809640109e-07 2.2666351387623892e-16 1 -4.1633363648129905e-15 1.960535809640109e-07 4.163336320759009e-15 0.9999999999999809</Rotation>
<Translation>0.13494912824243704 0.24033787058507244 -0.0081672050088786516</Translation>
</Transform>
</Instance>
<Instance name="socket head cap screw_iso-2" uid="socket head cap screw_iso-2" entityUid="socket head cap screw_iso*:*ISO 4762 M5 x 10 - 10N">
<Transform>
<Rotation>0 1 0 -1 0 0 0 0 1</Rotation>
<Translation>0.15644912490952662 0.22303787058507235 0.00883280547998656</Translation>
</Transform>
</Instance>
<Instance name="socket head cap screw_iso-5" uid="socket head cap screw_iso-5" entityUid="socket head cap screw_iso*:*ISO 4762 M5 x 10 - 10N">
<Transform>
<Rotation>0 1 0 -1 0 0 0 0 1</Rotation>
<Translation>0.18844912490952664 0.22303787058507241 0.0088328054799865809</Translation>
</Transform>
</Instance>
<Instance name="pulley stand-1" uid="pulley stand-1" entityUid="pulley stand*:*Default">
<Transform>
<Rotation>0.9999999999999809 -2.2666351862613792e-16 -1.9605358096401071e-07 2.2666351387623882e-16 1 0 1.9605358096401071e-07 0 0.9999999999999809</Rotation>
<Translation>0.15144912971283858 0.21233787058507242 -0.015667201773995429</Translation>
</Transform>
</Instance>
<Instance name="SK8 SC8UU LINEAR RAIL ORIGINAL-1" uid="SK8 SC8UU LINEAR RAIL ORIGINAL-1" entityUid="SK8 SC8UU LINEAR RAIL ORIGINAL*:*Valor predeterminado">
<Transform>
<Rotation>-1.0000000000000002 0 0 0 1.0000000000000002 0 0 0 -1</Rotation>
<Translation>0.1304491249095267 0.2286378705850724 0.015782790972021413</Translation>
</Transform>
</Instance>
<Instance name="SK8 SC8UU LINEAR RAIL ORIGINAL-2" uid="SK8 SC8UU LINEAR RAIL ORIGINAL-2" entityUid="SK8 SC8UU LINEAR RAIL ORIGINAL*:*Valor predeterminado">
<Transform>
<Rotation>1 0 0 0 1 0 0 0 1</Rotation>
<Translation>0.17244912490952724 0.2286378705850719 0.0018828054799863367</Translation>
</Transform>
</Instance>
</Instance>
<Instance name="Belt1-1-1" uid="Belt1-1-1" entityUid="Belt1-1*:*Default">
<Transform>
<Rotation>1.9605359002916608e-07 0 0.99999999999998102 0 1 0 -0.99999999999998102 0 1.9605359002916608e-07</Rotation>
<Translation>0.15144912490952639 0 0</Translation>
</Transform>
</Instance>
</Instance>
<Instance name="3764N107_High-Strength Gt Timing Belt Pulley-1" uid="3764N107_High-Strength Gt Timing Belt Pulley-1" entityUid="3764N107_High-Strength Gt Timing Belt Pulley*:*3764N107">
<Transform>
<Rotation>1.2820007107848245e-15 -1.4752521747315856e-15 -1 -0.65593765756734435 0.7548150696594933 -1.9544551162672083e-15 0.75481506965949308 0.65593765756734412 0</Rotation>
<Translation>0.28103913518543339 0.28594843520937813 0.34324498261504155</Translation>
</Transform>
</Instance>
<Instance name="Cart Assembly-1" uid="Cart Assembly-1" entityUid="Cart Assembly" rigid="true">
<Transform>
<Rotation>-1.0000000000000002 2.1926904736346842e-15 0 0 -1.1041194108397233e-16 1 2.1926904736346842e-15 1.0000000000000002 1.1041194108397227e-16</Rotation>
<Translation>0.43495326009495849 -0.032820731009537987 0.10290711202996783</Translation>
</Transform>
<Instance name="sensor mount-1" uid="sensor mount-1" entityUid="sensor mount*:*Default">
<Transform>
<Rotation>1.5749186466748328e-16 0 1 0 1 0 -1 0 1.5749186466748328e-16</Rotation>
<Translation>0.15144912490952672 0.24334787058507246 0.14821916621891734</Translation>
</Transform>
</Instance>
<Instance name="9338T51_Mounted Linear Ball Bearing-1" uid="9338T51_Mounted Linear Ball Bearing-1" entityUid="9338T51_Mounted Linear Ball Bearing*:*9338T51">
<Transform>
<Rotation>1 0 0 0 1 0 0 0 1</Rotation>
<Translation>0.1304491249095267 0.23234787058507245 0.1482191662189174</Translation>
</Transform>
</Instance>
<Instance name="Enkoder YUMO E6B2-CWZ6C.stp-1" uid="Enkoder YUMO E6B2-CWZ6C.stp-1" entityUid="Enkoder YUMO E6B2-CWZ6C.stp" rigid="true">
<Transform>
<Rotation>0 3.1056272793655796e-16 -1 0.86602540378443671 -0.50000000000000366 0 -0.50000000000000355 -0.86602540378443649 -3.1700179540839486e-16</Rotation>
<Translation>0.10864912490952666 0.27834787058507299 0.14821916621891662</Translation>
</Transform>
<Instance name="Lozysko 696.stp-1" uid="Lozysko 696.stp-1" grounded="true" entityUid="Lozysko 696.stp" rigid="true">
<Transform>
<Rotation>0 0 0.99999999999999989 0 0.99999999999999989 0 -0.99999999999999978 0 0</Rotation>
<Translation>0 0 0</Translation>
</Transform>
<Instance name="bearing_696-zz_1_02.stp-1" uid="bearing_696-zz_1_02.stp-1" grounded="true" entityUid="bearing_696-zz_1_02.stp*:*Default">
<Transform>
<Rotation>1 0 0 0 1 0 0 0 1</Rotation>
<Translation>0 0 0</Translation>
</Transform>
</Instance>
<Instance name="bearing_696-zz_1_04.stp-1" uid="bearing_696-zz_1_04.stp-1" grounded="true" entityUid="bearing_696-zz_1_04.stp*:*Default">
<Transform>
<Rotation>1 0 0 0 1 0 0 0 1</Rotation>
<Translation>0 0 0</Translation>
</Transform>
</Instance>
<Instance name="bearing_696-zz_1_05.stp-1" uid="bearing_696-zz_1_05.stp-1" grounded="true" entityUid="bearing_696-zz_1_05.stp*:*Default">
<Transform>
<Rotation>1 0 0 0 1 0 0 0 1</Rotation>
<Translation>0 0 0</Translation>
</Transform>
</Instance>
<Instance name="bearing_696-zz_1_01.stp-1" uid="bearing_696-zz_1_01.stp-1" grounded="true" entityUid="bearing_696-zz_1_01.stp*:*Default">
<Transform>
<Rotation>1 0 0 0 1 0 0 0 1</Rotation>
<Translation>0 0 0</Translation>
</Transform>
</Instance>
<Instance name="bearing_696-zz_1_03.stp-1" uid="bearing_696-zz_1_03.stp-1" grounded="true" entityUid="bearing_696-zz_1_03.stp*:*Default">
<Transform>
<Rotation>1 0 0 0 1 0 0 0 1</Rotation>
<Translation>0 0 0</Translation>
</Transform>
</Instance>
</Instance>
<Instance name="Enkoder YUMO E6B2-CWZ6C.stp-1" uid="Enkoder YUMO E6B2-CWZ6C.stp-1" grounded="true" entityUid="Enkoder YUMO E6B2-CWZ6C.stp*:*Default">
<Transform>
<Rotation>1 0 0 0 1 0 0 0 1</Rotation>
<Translation>0 0 0</Translation>
</Transform>
</Instance>
<Instance name="Pierscien na wale enkodera YUMO.stp-1" uid="Pierscien na wale enkodera YUMO.stp-1" grounded="true" entityUid="Pierscien na wale enkodera YUMO.stp*:*Default">
<Transform>
<Rotation>-0.78217503693007362 -0.62305875453558768 0 0.62305875453558768 -0.78217503693007362 0 0 0 0.99999999999999978</Rotation>
<Translation>0 0 0</Translation>
</Transform>
</Instance>
</Instance>
<Instance name="9338T51_Mounted Linear Ball Bearing-2" uid="9338T51_Mounted Linear Ball Bearing-2" entityUid="9338T51_Mounted Linear Ball Bearing*:*9338T51">
<Transform>
<Rotation>1 0 0 0 1 0 0 0 1</Rotation>
<Translation>0.17244912490952669 0.23234787058507245 0.1482191662189174</Translation>
</Transform>
</Instance>
<Instance name="socket head cap screw_iso-1" uid="socket head cap screw_iso-1" entityUid="socket head cap screw_iso*:*ISO 4762 M3 x 25 - 18N">
<Transform>
<Rotation>0 0.83716910433122249 -0.54694413860398861 -1.0000000000000002 0 0 0 0.54694413860398849 0.83716910433122227</Rotation>
<Translation>0.14244912490952671 0.25434787058507241 0.15721916621891735</Translation>
</Transform>
</Instance>
<Instance name="socket head cap screw_iso-3" uid="socket head cap screw_iso-3" entityUid="socket head cap screw_iso*:*ISO 4762 M3 x 10 - 10N">
<Transform>
<Rotation>1 0 0 0 1 0 0 0 1</Rotation>
<Translation>0.10544912490952668 0.2933478705850725 0.14821916621891734</Translation>
</Transform>
</Instance>
<Instance name="socket head cap screw_iso-2" uid="socket head cap screw_iso-2" entityUid="socket head cap screw_iso*:*ISO 4762 M3 x 25 - 18N">
<Transform>
<Rotation>0 0.83716910433122249 -0.54694413860398861 -1.0000000000000002 0 0 0 0.54694413860398849 0.83716910433122227</Rotation>
<Translation>0.1844491249095267 0.25434787058507241 0.15721916621891741</Translation>
</Transform>
</Instance>
<Instance name="socket head cap screw_iso-5" uid="socket head cap screw_iso-5" entityUid="socket head cap screw_iso*:*ISO 4762 M3 x 25 - 18N">
<Transform>
<Rotation>0 0.83716910433122249 -0.54694413860398861 -1.0000000000000002 0 0 0 0.54694413860398849 0.83716910433122227</Rotation>
<Translation>0.18444912490952675 0.25434787058507241 0.13921916621891739</Translation>
</Transform>
</Instance>
<Instance name="socket head cap screw_iso-6" uid="socket head cap screw_iso-6" entityUid="socket head cap screw_iso*:*ISO 4762 M3 x 25 - 18N">
<Transform>
<Rotation>0 0.83716910433122249 -0.54694413860398861 -1.0000000000000002 0 0 0 0.54694413860398849 0.83716910433122227</Rotation>
<Translation>0.16044912490952673 0.25434787058507241 0.13921916621891739</Translation>
</Transform>
</Instance>
<Instance name="socket head cap screw_iso-7" uid="socket head cap screw_iso-7" entityUid="socket head cap screw_iso*:*ISO 4762 M3 x 25 - 18N">
<Transform>
<Rotation>0 0.83716910433122249 -0.54694413860398861 -1.0000000000000002 0 0 0 0.54694413860398849 0.83716910433122227</Rotation>
<Translation>0.11844912490952675 0.25434787058507241 0.15721916621891735</Translation>
</Transform>
</Instance>
<Instance name="socket head cap screw_iso-11" uid="socket head cap screw_iso-11" entityUid="socket head cap screw_iso*:*ISO 4762 M3 x 10 - 10N">
<Transform>
<Rotation>1 -1.3639195569139884e-16 2.3623779700119671e-16 1.3639195569141038e-16 -0.49999999999999212 -0.86602540378444315 2.3623779700119006e-16 0.86602540378444315 -0.49999999999999212</Rotation>
<Translation>0.10544912490952668 0.27084787058507259 0.16120954727568393</Translation>
</Transform>
</Instance>
<Instance name="socket head cap screw_iso-4" uid="socket head cap screw_iso-4" entityUid="socket head cap screw_iso*:*ISO 4762 M3 x 25 - 18N">
<Transform>
<Rotation>0 0.83716910433122249 -0.54694413860398861 -1.0000000000000002 0 0 0 0.54694413860398849 0.83716910433122227</Rotation>
<Translation>0.16044912490952673 0.25434787058507241 0.15721916621891741</Translation>
</Transform>
</Instance>
<Instance name="socket head cap screw_iso-9" uid="socket head cap screw_iso-9" entityUid="socket head cap screw_iso*:*ISO 4762 M3 x 25 - 18N">
<Transform>
<Rotation>0 0.83716910433122249 -0.54694413860398861 -1.0000000000000002 0 0 0 0.54694413860398849 0.83716910433122227</Rotation>
<Translation>0.11844912490952675 0.25434787058507241 0.13921916621891739</Translation>
</Transform>
</Instance>
<Instance name="socket head cap screw_iso-10" uid="socket head cap screw_iso-10" entityUid="socket head cap screw_iso*:*ISO 4762 M3 x 10 - 10N">
<Transform>
<Rotation>1 1.3639195569139788e-16 2.3623779700119864e-16 -1.3639195569140922e-16 -0.50000000000000422 0.86602540378443627 2.3623779700119208e-16 -0.86602540378443627 -0.50000000000000422</Rotation>
<Translation>0.10544912490952668 0.27084787058507237 0.1352287851621507</Translation>
</Transform>
</Instance>
<Instance name="socket head cap screw_iso-8" uid="socket head cap screw_iso-8" entityUid="socket head cap screw_iso*:*ISO 4762 M3 x 25 - 18N">
<Transform>
<Rotation>0 0.83716910433122249 -0.54694413860398861 -1.0000000000000002 0 0 0 0.54694413860398849 0.83716910433122227</Rotation>
<Translation>0.14244912490952671 0.25434787058507241 0.13921916621891739</Translation>
</Transform>
</Instance>
</Instance>
</InstanceTree>
<Constraints>
<Coincident name="Coincident1">
<ConstraintGeometry geomType="plane">
<InstancePath>
<Uid>table-1</Uid>
</InstancePath>
<Position>0 0 0</Position>
<Axis>0 0 1</Axis>
</ConstraintGeometry>
<ConstraintGeometry geomType="plane">
<InstancePath>
<Uid>Body Assembly-1</Uid>
<Uid>End motor Assembly-1</Uid>
<Uid>stand1-2</Uid>
</InstancePath>
<Position>0 0 0</Position>
<Axis>0 -1 0</Axis>
</ConstraintGeometry>
</Coincident>
<Coincident name="Coincident2">
<ConstraintGeometry geomType="plane">
<InstancePath>
<Uid>table-1</Uid>
</InstancePath>
<Position>0.042499999999999982 -0.17999999999999999 -0.25</Position>
<Axis>1 0 0</Axis>
</ConstraintGeometry>
<ConstraintGeometry geomType="plane">
<InstancePath>
<Uid>Body Assembly-1</Uid>
<Uid>End motor Assembly-1</Uid>
<Uid>stand1-2</Uid>
</InstancePath>
<Position>-0.042500000000000038 0.0060000000000000053 -0.050000000000000044</Position>
<Axis>-1 0 1.3877787807814457e-16</Axis>
</ConstraintGeometry>
</Coincident>
<Coincident name="Coincident3">
<ConstraintGeometry geomType="plane">
<InstancePath>
<Uid>table-1</Uid>
</InstancePath>
<Position>-0.042500000000000038 0.17999999999999999 -0.25</Position>
<Axis>0 1 0</Axis>
</ConstraintGeometry>
<ConstraintGeometry geomType="plane">
<InstancePath>
<Uid>Body Assembly-1</Uid>
<Uid>End motor Assembly-1</Uid>
<Uid>stand1-2</Uid>
</InstancePath>
<Position>0 0 0.0040000000000000036</Position>
<Axis>0 0 1</Axis>
</ConstraintGeometry>
</Coincident>
<Concentric name="Concentric2">
<ConstraintGeometry geomType="cylinder">
<InstancePath>
<Uid>Body Assembly-1</Uid>
<Uid>End motor Assembly-1</Uid>
<Uid>37d-gearmotor-50-70-encoder.step-1</Uid>
</InstancePath>
<Position>0.019924999999999971 -0.0070000000000000062 0.041924999999999962</Position>
<Axis>-4.6259292692714908e-15 0 -1</Axis>
</ConstraintGeometry>
<ConstraintGeometry geomType="cylinder">
<InstancePath>
<Uid>3764N107_High-Strength Gt Timing Belt Pulley-1</Uid>
</InstancePath>
<Position>0 0 0.0071350000000000025</Position>
<Axis>0 0 1</Axis>
</ConstraintGeometry>
</Concentric>
<Distance name="Distance1">
<ConstraintGeometry geomType="plane">
<InstancePath>
<Uid>3764N107_High-Strength Gt Timing Belt Pulley-1</Uid>
</InstancePath>
<Position>0 -0.0031750000000000389 0.0071350000000000025</Position>
<Axis>0 0 1</Axis>
</ConstraintGeometry>
<ConstraintGeometry geomType="plane">
<InstancePath>
<Uid>Body Assembly-1</Uid>
<Uid>End motor Assembly-1</Uid>
<Uid>37d-gearmotor-50-70-encoder.step-1</Uid>
</InstancePath>
<Position>0.019925000000000026 0 0.026425000000000004</Position>
<Axis>3.4914813388431349e-15 0 1</Axis>
</ConstraintGeometry>
</Distance>
<Concentric name="Concentric3">
<ConstraintGeometry geomType="cylinder">
<InstancePath>
<Uid>Body Assembly-1</Uid>
<Uid>End 1 Assembly-1</Uid>
<Uid>socket head cap screw_iso-1</Uid>
</InstancePath>
<Position>-0.031749999999999945 0 0</Position>
<Axis>-1.0000000000000002 0 0</Axis>
</ConstraintGeometry>
<ConstraintGeometry geomType="cylinder">
<InstancePath>
<Uid>3693N11_High-Strength HTD Timing Belt Idler Pulley-1</Uid>
</InstancePath>
<Position>0 0 0.0050000000000000044</Position>
<Axis>0 0 1.0000000000000002</Axis>
</ConstraintGeometry>
</Concentric>
<Distance name="Distance2">
<ConstraintGeometry geomType="plane">
<InstancePath>
<Uid>3693N11_High-Strength HTD Timing Belt Idler Pulley-1</Uid>
</InstancePath>
<Position>0 0.0075000000000000067 -0.0050000000000000044</Position>
<Axis>0 0 -1.0000000000000002</Axis>
</ConstraintGeometry>
<ConstraintGeometry geomType="plane">
<InstancePath>
<Uid>Body Assembly-1</Uid>
<Uid>End 1 Assembly-1</Uid>
<Uid>pulley stand-1</Uid>
</InstancePath>
<Position>-0.0055000000000000604 0.015500000000000014 0.015000000000000006</Position>
<Axis>1.0000000000000002 1.3010427342438287e-16 0</Axis>
</ConstraintGeometry>
</Distance>
<Concentric name="Concentric5">
<ConstraintGeometry geomType="cylinder">
<InstancePath>
<Uid>Body Assembly-1</Uid>
<Uid>8mm Rod-1</Uid>
</InstancePath>
<Position>0 0 0.30000000000000004</Position>
<Axis>0 0 -1</Axis>
</ConstraintGeometry>
<ConstraintGeometry geomType="cylinder">
<InstancePath>
<Uid>Cart Assembly-1</Uid>
<Uid>9338T51_Mounted Linear Ball Bearing-2</Uid>
</InstancePath>
<Position>0 0 -0.014999999999999999</Position>
<Axis>0 0 1</Axis>
</ConstraintGeometry>
</Concentric>
<Concentric name="Concentric6">
<ConstraintGeometry geomType="cylinder">
<InstancePath>
<Uid>Body Assembly-1</Uid>
<Uid>8mm Rod-2</Uid>
</InstancePath>
<Position>0 0 0.29999999999999999</Position>
<Axis>0 0 -1</Axis>
</ConstraintGeometry>
<ConstraintGeometry geomType="cylinder">
<InstancePath>
<Uid>Cart Assembly-1</Uid>
<Uid>9338T51_Mounted Linear Ball Bearing-1</Uid>
</InstancePath>
<Position>0 0 -0.014999999999999999</Position>
<Axis>0 0 1</Axis>
</ConstraintGeometry>
</Concentric>
<Concentric name="Concentric7">
<ConstraintGeometry geomType="cylinder">
<InstancePath>
<Uid>Cart Assembly-1</Uid>
<Uid>Enkoder YUMO E6B2-CWZ6C.stp-1</Uid>
<Uid>Enkoder YUMO E6B2-CWZ6C.stp-1</Uid>
</InstancePath>
<Position>0 0 0</Position>
<Axis>0 0 0.99999999999999989</Axis>
</ConstraintGeometry>
<ConstraintGeometry geomType="cylinder">
<InstancePath>
<Uid>Pendulum Assem-2</Uid>
<Uid>pend coupler-1</Uid>
</InstancePath>
<Position>0 0 0.020000000000000018</Position>
<Axis>0 0 -0.99999999999999978</Axis>
</ConstraintGeometry>
</Concentric>
<Distance name="Distance3">
<ConstraintGeometry geomType="plane">
<InstancePath>
<Uid>Pendulum Assem-2</Uid>
<Uid>pend coupler-1</Uid>
</InstancePath>
<Position>0 0 0.020000000000000018</Position>
<Axis>0 0 0.99999999999999978</Axis>
</ConstraintGeometry>
<ConstraintGeometry geomType="plane">
<InstancePath>
<Uid>Cart Assembly-1</Uid>
<Uid>Enkoder YUMO E6B2-CWZ6C.stp-1</Uid>
<Uid>Enkoder YUMO E6B2-CWZ6C.stp-1</Uid>
</InstancePath>
<Position>0 0 0</Position>
<Axis>0 0 0.99999999999999989</Axis>
</ConstraintGeometry>
</Distance>
</Constraints>
</RootAssembly>
<Assemblies>
<Assembly name="Pendulum Assem" uid="Pendulum Assem" version="128">
<ModelUnits mass="kilogram" length="millimeter"/>
<AssemblyFile name="Pendulum Assem.SLDASM" type="SolidWorks Assembly"/>
</Assembly>
<Assembly name="Body Assembly" uid="Body Assembly" version="110">
<ModelUnits mass="kilogram" length="millimeter"/>
<AssemblyFile name="Body Assembly.SLDASM" type="SolidWorks Assembly"/>
</Assembly>
<Assembly name="End motor Assembly" uid="End motor Assembly" version="118">
<ModelUnits mass="kilogram" length="millimeter"/>
<AssemblyFile name="End motor Assembly.SLDASM" type="SolidWorks Assembly"/>
</Assembly>
<Assembly name="End 1 Assembly" uid="End 1 Assembly" version="109">
<ModelUnits mass="kilogram" length="millimeter"/>
<AssemblyFile name="End 1 Assembly.SLDASM" type="SolidWorks Assembly"/>
</Assembly>
<Assembly name="Cart Assembly" uid="Cart Assembly" version="111">
<ModelUnits mass="kilogram" length="millimeter"/>
<AssemblyFile name="Cart Assembly.SLDASM" type="SolidWorks Assembly"/>
</Assembly>
<Assembly name="Enkoder YUMO E6B2-CWZ6C.stp" uid="Enkoder YUMO E6B2-CWZ6C.stp" version="103">
<ModelUnits mass="kilogram" length="millimeter"/>
